AFGS
!Photolysis of lumped photoreactive aromatic unsaturated dicarbonyl product.
! Based on 31.6% BUTEDIAL and 68.4% 4OX2PEAL with QY(BUTEDIAL) = 0.723 and QY(4OX2PEAL) = 1.000
! From F:\WORK\SAPRC13\phf-13.xls "AFG1" Sheet.
Points (the mechanism evaluated with this format)                                
! With FAC, units are (cm^2/molecule)                                            
FAC=1.0                                                                          
290.0 1.82E-18 1.000
295.0 1.74E-18 1.000
300.0 1.56E-18 1.000
305.0 1.33E-18 1.000
310.0 1.10E-18 1.000
315.0 9.30E-19 1.000
320.0 7.89E-19 1.000
325.0 6.52E-19 1.000
330.0 5.41E-19 1.000
335.0 4.58E-19 1.000
340.0 3.78E-19 1.000
345.0 3.27E-19 1.000
350.0 2.76E-19 1.000
355.0 2.44E-19 1.000
360.0 2.09E-19 1.000
365.0 1.85E-19 1.000
370.0 1.55E-19 1.000
375.0 1.41E-19 1.000
380.0 1.20E-19 1.000
385.0 1.02E-19 1.000
390.0 9.03E-20 1.000
395.0 7.76E-20 1.000
400.0 6.05E-20 1.000
405.0 6.09E-20 1.000
410.0 4.31E-20 1.000
415.0 3.13E-20 1.000
420.0 3.01E-20 1.000
425.0 2.44E-20 1.000
430.0 1.89E-20 1.000
435.0 1.44E-20 1.000
440.0 8.21E-21 1.000
445.0 4.33E-21 1.000
450.0 2.74E-21 1.000
455.0 1.83E-21 1.000
460.0 9.13E-22 1.000
465.0 4.56E-22 1.000
470.0 0.00E+00 1.000