CCHOR_13
! For 1 Bar, 298 K
! IUPAC (2013): http://iupac.pole-ether.fr/datasheets/doc/P2_CH3CHO+hv.doc. last change in preferred values: June 2013
! Relative product yields based on calculation using IUPAC (2013) wavelength-dependent quantum yields for both processes and solar Z=0 relative spectral distribution.
Points (the mechanism evaluated with this format)                                
! With FAC, units are (cm^2/molecule)                                            
FAC=1.0                                                                          
258.0 1.994E-20 0.420
262.0 2.440E-20 0.432
266.0 3.050E-20 0.462
270.0 3.420E-20 0.510
274.0 4.030E-20 0.582
278.0 4.190E-20 0.648
280.0 4.500E-20 0.680
281.0 4.690E-20 0.676
282.0 4.720E-20 0.672
283.0 4.750E-20 0.668
284.0 4.610E-20 0.664
285.0 4.490E-20 0.660
286.0 4.440E-20 0.652
287.0 4.590E-20 0.644
288.0 4.720E-20 0.636
289.0 4.770E-20 0.628
290.0 4.890E-20 0.620
291.0 4.780E-20 0.610
292.0 4.680E-20 0.600
293.0 4.530E-20 0.590
294.0 4.330E-20 0.580
295.0 4.270E-20 0.570
296.0 4.240E-20 0.556
297.0 4.380E-20 0.542
298.0 4.410E-20 0.528
299.0 4.260E-20 0.514
300.0 4.160E-20 0.500
301.0 3.990E-20 0.484
302.0 3.860E-20 0.468
303.0 3.720E-20 0.452
304.0 3.480E-20 0.436
305.0 3.420E-20 0.420
306.0 3.420E-20 0.400
307.0 3.360E-20 0.380
308.0 3.330E-20 0.360
309.0 3.140E-20 0.340
310.0 2.930E-20 0.320
311.0 2.760E-20 0.296
312.0 2.530E-20 0.272
313.0 2.470E-20 0.248
314.0 2.440E-20 0.224
315.0 2.200E-20 0.200
316.0 2.040E-20 0.180
317.0 2.070E-20 0.160
318.0 1.979E-20 0.140
319.0 1.874E-20 0.120
320.0 1.723E-20 0.100
321.0 1.484E-20 0.080
322.0 1.402E-20 0.070
323.0 1.244E-20 0.060
324.0 1.091E-20 0.050
325.0 1.136E-20 0.040
326.0 1.074E-20 0.034
327.0 8.580E-21 0.028
328.0 7.470E-21 0.022
329.0 7.070E-21 0.016
330.0 6.880E-21 0.010
331.0 5.880E-21 0.008
332.0 5.300E-21 0.006
333.0 3.980E-21 0.004
334.0 3.630E-21 0.002
335.0 3.500E-21 0.000