GLALD_14
! Glycolaldehyde absorption cross-sections
! NASA (2011) recommendation
!
Points (the mechanism evaluated with this format)                                
! With FAC, units are (cm^2/molecule)                                            
FAC=1.0                                                                          
208.0 2.060E-19 1.000
210.0 1.310E-19 1.000
212.0 8.150E-20 1.000
214.0 4.930E-20 1.000
216.0 2.940E-20 1.000
218.0 1.720E-20 1.000
220.0 1.000E-20 1.000
222.0 6.400E-21 1.000
224.0 4.500E-21 1.000
226.0 3.900E-21 1.000
228.0 4.200E-21 1.000
230.0 5.300E-21 1.000
232.0 6.300E-21 1.000
234.0 7.900E-21 1.000
236.0 9.700E-21 1.000
238.0 1.150E-20 1.000
240.0 1.390E-20 1.000
242.0 1.630E-20 1.000
244.0 1.770E-20 1.000
246.0 2.250E-20 1.000
248.0 2.570E-20 1.000
250.0 2.940E-20 1.000
252.0 3.370E-20 1.000
254.0 3.760E-20 1.000
256.0 4.150E-20 1.000
258.0 4.610E-20 1.000
260.0 5.030E-20 1.000
262.0 5.330E-20 1.000
264.0 5.680E-20 1.000
266.0 6.100E-20 1.000
268.0 6.350E-20 1.000
270.0 6.490E-20 1.000
272.0 6.740E-20 1.000
274.0 6.980E-20 1.000
276.0 6.980E-20 1.000
278.0 6.930E-20 1.000
280.0 6.910E-20 1.000
282.0 6.920E-20 1.000
284.0 6.600E-20 1.000
286.0 6.380E-20 1.000
288.0 6.090E-20 1.000
290.0 5.880E-20 1.000
292.0 5.430E-20 1.000
294.0 4.870E-20 1.000
296.0 4.500E-20 1.000
298.0 4.100E-20 1.000
300.0 3.740E-20 1.000
302.0 3.190E-20 1.000
304.0 2.650E-20 1.000
306.0 2.260E-20 1.000
308.0 1.880E-20 1.000
310.0 1.570E-20 1.000
312.0 1.280E-20 1.000
314.0 9.400E-21 1.000
316.0 7.000E-21 1.000
318.0 5.300E-21 1.000
320.0 4.000E-21 1.000
322.0 3.100E-21 1.000
324.0 2.100E-21 1.000
326.0 1.400E-21 1.000
328.0 1.000E-21 1.000
330.0 7.000E-22 1.000
332.0 4.000E-22 1.000
335.0 0.000E+00 1.000
   .0