GLY_I13M
! HCOCHO + HV = HCHO + CO
! IUPAC (2013) Recommendation
Points (the mechanism evaluated with this format)                                
! With FAC, units are (cm^2/molecule)                                            
FAC=1.0                                                                          
250.0 1.725E-20 0.102
251.0 1.520E-20 0.107
252.0 1.477E-20 0.112
253.0 1.545E-20 0.116
254.0 1.596E-20 0.121
255.0 1.667E-20 0.126
256.0 1.619E-20 0.132
257.0 1.809E-20 0.138
258.0 1.823E-20 0.145
259.0 1.850E-20 0.151
260.0 1.828E-20 0.157
261.0 1.957E-20 0.165
262.0 2.027E-20 0.173
263.0 2.144E-20 0.181
264.0 2.184E-20 0.189
265.0 2.261E-20 0.197
266.0 2.333E-20 0.207
267.0 2.371E-20 0.216
268.0 2.361E-20 0.226
269.0 2.475E-20 0.235
270.0 2.509E-20 0.245
271.0 2.613E-20 0.255
272.0 2.720E-20 0.266
273.0 2.810E-20 0.276
274.0 2.920E-20 0.286
275.0 3.000E-20 0.297
276.0 3.060E-20 0.307
277.0 3.087E-20 0.318
278.0 3.078E-20 0.328
279.0 3.086E-20 0.339
280.0 3.135E-20 0.349
281.0 3.216E-20 0.359
282.0 3.322E-20 0.368
283.0 3.455E-20 0.377
284.0 3.568E-20 0.387
285.0 3.673E-20 0.396
286.0 3.797E-20 0.403
287.0 3.791E-20 0.411
288.0 3.813E-20 0.418
289.0 3.800E-20 0.425
290.0 3.734E-20 0.433
291.0 3.643E-20 0.437
292.0 3.654E-20 0.442
293.0 3.681E-20 0.446
294.0 3.729E-20 0.451
295.0 3.809E-20 0.455
296.0 3.824E-20 0.457
297.0 3.922E-20 0.459
298.0 4.073E-20 0.461
299.0 4.123E-20 0.463
300.0 4.045E-20 0.465
301.0 3.905E-20 0.464
302.0 3.779E-20 0.463
303.0 3.567E-20 0.461
304.0 3.350E-20 0.460
305.0 3.242E-20 0.459
306.0 3.223E-20 0.455
307.0 3.200E-20 0.451
308.0 3.146E-20 0.447
309.0 3.123E-20 0.444
310.0 3.100E-20 0.440
311.0 3.222E-20 0.433
312.0 3.343E-20 0.426
313.0 3.390E-20 0.420
314.0 3.233E-20 0.413
315.0 2.805E-20 0.406
316.0 2.646E-20 0.398
317.0 2.460E-20 0.389
318.0 2.214E-20 0.380
319.0 1.927E-20 0.371
320.0 1.854E-20 0.363
321.0 1.885E-20 0.352
322.0 1.766E-20 0.342
323.0 1.723E-20 0.332
324.0 1.677E-20 0.322
325.0 1.603E-20 0.312
326.0 1.606E-20 0.301
327.0 1.695E-20 0.290
328.0 1.937E-20 0.279
329.0 1.857E-20 0.268
330.0 1.689E-20 0.257
331.0 1.128E-20 0.246
332.0 1.048E-20 0.235
333.0 9.660E-21 0.224
334.0 9.190E-21 0.214
335.0 7.370E-21 0.203
336.0 6.300E-21 0.193
337.0 5.890E-21 0.183
338.0 6.470E-21 0.173
339.0 5.850E-21 0.163
340.0 5.530E-21 0.153
341.0 5.630E-21 0.145
342.0 5.100E-21 0.136
343.0 4.990E-21 0.128
344.0 6.490E-21 0.119
345.0 6.240E-21 0.111
346.0 7.330E-21 0.104
347.0 6.310E-21 0.097
348.0 6.040E-21 0.091
349.0 4.150E-21 0.084
350.0 3.910E-21 0.078
351.0 3.950E-21 0.072
352.0 4.230E-21 0.067
353.0 4.150E-21 0.062
354.0 4.030E-21 0.057
355.0 4.220E-21 0.052
356.0 4.430E-21 0.048
357.0 4.310E-21 0.044
358.0 4.710E-21 0.041
359.0 5.030E-21 0.037
360.0 5.460E-21 0.034
361.0 6.270E-21 0.031
362.0 7.060E-21 0.029
363.0 6.390E-21 0.026
364.0 6.800E-21 0.024
365.0 6.650E-21 0.022
366.0 7.430E-21 0.020
367.0 8.600E-21 0.018
368.0 1.012E-20 0.016
369.0 1.063E-20 0.015
370.0 1.139E-20 0.013
371.0 1.185E-20 0.012
372.0 1.141E-20 0.011
373.0 1.212E-20 0.010
374.0 1.352E-20 0.009
375.0 1.332E-20 0.008
376.0 1.377E-20 0.007
377.0 1.467E-20 0.007
378.0 1.605E-20 0.006
379.0 1.534E-20 0.005
380.0 1.934E-20 0.005
381.0 2.455E-20 0.004
382.0 2.019E-20 0.004
383.0 2.069E-20 0.003
384.0 1.939E-20 0.003
385.0 1.893E-20 0.003
386.0 1.835E-20 0.002
387.0 2.287E-20 0.002
388.0 3.000E-20 0.002
389.0 3.206E-20 0.002
390.0 3.483E-20 0.002
391.0 3.922E-20 0.001
392.0 3.801E-20 0.001
393.0 2.852E-20 0.001
394.0 3.147E-20 0.001
395.0 3.855E-20 0.001
396.0 3.679E-20 0.001
397.0 3.361E-20 0.001
398.0 4.323E-20 0.001
399.0 4.345E-20 0.001
400.0 3.873E-20 0.001
401.0 4.455E-20 0.000
402.0 5.843E-20 0.000
403.0 7.159E-20 0.000
404.0 6.237E-20 0.000
405.0 4.491E-20 0.000
406.0 4.482E-20 0.000
407.0 4.066E-20 0.000
408.0 3.444E-20 0.000
409.0 4.008E-20 0.000
410.0 5.661E-20 0.000
411.0 7.221E-20 0.000
412.0 7.406E-20 0.000
413.0 1.075E-19 0.000
414.0 1.012E-19 0.000
415.0 1.019E-19 0.000
416.0 6.073E-20 0.000
417.0 6.829E-20 0.000
418.0 7.873E-20 0.000
419.0 9.134E-20 0.000
420.0 5.602E-20 0.000
421.0 7.188E-20 0.000