GLYI_13R
! HCOCHO + HV = 2 HCO
! IUPAC (2013) Recommendation
Points (the mechanism evaluated with this format)                                
! With FAC, units are (cm^2/molecule)                                            
FAC=1.0                                                                          
250.0 1.725E-20 0.898
251.0 1.520E-20 0.893
252.0 1.477E-20 0.888
253.0 1.545E-20 0.884
254.0 1.596E-20 0.879
255.0 1.667E-20 0.874
256.0 1.619E-20 0.868
257.0 1.809E-20 0.862
258.0 1.823E-20 0.855
259.0 1.850E-20 0.849
260.0 1.828E-20 0.843
261.0 1.957E-20 0.835
262.0 2.027E-20 0.827
263.0 2.144E-20 0.820
264.0 2.184E-20 0.812
265.0 2.261E-20 0.804
266.0 2.333E-20 0.794
267.0 2.371E-20 0.784
268.0 2.361E-20 0.774
269.0 2.475E-20 0.764
270.0 2.509E-20 0.754
271.0 2.613E-20 0.744
272.0 2.720E-20 0.733
273.0 2.810E-20 0.723
274.0 2.920E-20 0.713
275.0 3.000E-20 0.702
276.0 3.060E-20 0.692
277.0 3.087E-20 0.681
278.0 3.078E-20 0.671
279.0 3.086E-20 0.660
280.0 3.135E-20 0.650
281.0 3.216E-20 0.640
282.0 3.322E-20 0.631
283.0 3.455E-20 0.621
284.0 3.568E-20 0.612
285.0 3.673E-20 0.602
286.0 3.797E-20 0.594
287.0 3.791E-20 0.587
288.0 3.813E-20 0.579
289.0 3.800E-20 0.571
290.0 3.734E-20 0.563
291.0 3.643E-20 0.558
292.0 3.654E-20 0.553
293.0 3.681E-20 0.547
294.0 3.729E-20 0.542
295.0 3.809E-20 0.537
296.0 3.824E-20 0.534
297.0 3.922E-20 0.531
298.0 4.073E-20 0.529
299.0 4.123E-20 0.526
300.0 4.045E-20 0.523
301.0 3.905E-20 0.523
302.0 3.779E-20 0.523
303.0 3.567E-20 0.524
304.0 3.350E-20 0.524
305.0 3.242E-20 0.524
306.0 3.223E-20 0.526
307.0 3.200E-20 0.529
308.0 3.146E-20 0.531
309.0 3.123E-20 0.534
310.0 3.100E-20 0.536
311.0 3.222E-20 0.540
312.0 3.343E-20 0.544
313.0 3.390E-20 0.549
314.0 3.233E-20 0.553
315.0 2.805E-20 0.557
316.0 2.646E-20 0.562
317.0 2.460E-20 0.568
318.0 2.214E-20 0.573
319.0 1.927E-20 0.579
320.0 1.854E-20 0.584
321.0 1.885E-20 0.590
322.0 1.766E-20 0.596
323.0 1.723E-20 0.602
324.0 1.677E-20 0.608
325.0 1.603E-20 0.613
326.0 1.606E-20 0.619
327.0 1.695E-20 0.624
328.0 1.937E-20 0.630
329.0 1.857E-20 0.635
330.0 1.689E-20 0.640
331.0 1.128E-20 0.644
332.0 1.048E-20 0.647
333.0 9.660E-21 0.651
334.0 9.190E-21 0.654
335.0 7.370E-21 0.657
336.0 6.300E-21 0.658
337.0 5.890E-21 0.660
338.0 6.470E-21 0.661
339.0 5.850E-21 0.662
340.0 5.530E-21 0.663
341.0 5.630E-21 0.661
342.0 5.100E-21 0.659
343.0 4.990E-21 0.657
344.0 6.490E-21 0.654
345.0 6.240E-21 0.652
346.0 7.330E-21 0.646
347.0 6.310E-21 0.641
348.0 6.040E-21 0.636
349.0 4.150E-21 0.630
350.0 3.910E-21 0.624
351.0 3.950E-21 0.616
352.0 4.230E-21 0.608
353.0 4.150E-21 0.600
354.0 4.030E-21 0.591
355.0 4.220E-21 0.583
356.0 4.430E-21 0.573
357.0 4.310E-21 0.562
358.0 4.710E-21 0.552
359.0 5.030E-21 0.541
360.0 5.460E-21 0.530
361.0 6.270E-21 0.518
362.0 7.060E-21 0.507
363.0 6.390E-21 0.495
364.0 6.800E-21 0.482
365.0 6.650E-21 0.470
366.0 7.430E-21 0.458
367.0 8.600E-21 0.446
368.0 1.012E-20 0.434
369.0 1.063E-20 0.422
370.0 1.139E-20 0.410
371.0 1.185E-20 0.398
372.0 1.141E-20 0.386
373.0 1.212E-20 0.374
374.0 1.352E-20 0.362
375.0 1.332E-20 0.350
376.0 1.377E-20 0.339
377.0 1.467E-20 0.328
378.0 1.605E-20 0.317
379.0 1.534E-20 0.306
380.0 1.934E-20 0.295
381.0 2.455E-20 0.285
382.0 2.019E-20 0.275
383.0 2.069E-20 0.265
384.0 1.939E-20 0.255
385.0 1.893E-20 0.245
386.0 1.835E-20 0.237
387.0 2.287E-20 0.228
388.0 3.000E-20 0.219
389.0 3.206E-20 0.211
390.0 3.483E-20 0.202
391.0 3.922E-20 0.195
392.0 3.801E-20 0.187
393.0 2.852E-20 0.179
394.0 3.147E-20 0.172
395.0 3.855E-20 0.164
396.0 3.679E-20 0.157
397.0 3.361E-20 0.150
398.0 4.323E-20 0.143
399.0 4.345E-20 0.136
400.0 3.873E-20 0.128
401.0 4.455E-20 0.121
402.0 5.843E-20 0.114
403.0 7.159E-20 0.107
404.0 6.237E-20 0.100
405.0 4.491E-20 0.093
406.0 4.482E-20 0.085
407.0 4.066E-20 0.078
408.0 3.444E-20 0.070
409.0 4.008E-20 0.062
410.0 5.661E-20 0.055
411.0 7.221E-20 0.049
412.0 7.406E-20 0.043
413.0 1.075E-19 0.036
414.0 1.012E-19 0.030
415.0 1.019E-19 0.024
416.0 6.073E-20 0.017
417.0 6.829E-20 0.011
418.0 7.873E-20 0.006
419.0 9.134E-20 0.002
420.0 5.602E-20 0.000
421.0 7.188E-20 0.000