HCHOM_13
! HCHO + HV = H2 + CO
! For 1 Bar, 298 K
! IUPAC (2013) recommendation.  See iupac.pole-ether.fr/datasheets/doc/P1_HCHO+hv.doc
Points (the mechanism evaluated with this format)                                
! With FAC, units are (cm^2/molecule)                                            
FAC=1.0                                                                          
250.0 2.570E-21 0.480
251.0 2.040E-21 0.481
252.0 3.370E-21 0.482
253.0 2.890E-21 0.483
254.0 3.420E-21 0.484
255.0 4.500E-21 0.485
256.0 6.280E-21 0.486
257.0 4.430E-21 0.487
258.0 3.070E-21 0.488
259.0 6.170E-21 0.489
260.0 6.050E-21 0.490
261.0 6.590E-21 0.481
262.0 6.030E-21 0.472
263.0 1.077E-20 0.463
264.0 9.470E-21 0.454
265.0 5.310E-21 0.446
266.0 5.390E-21 0.437
267.0 1.360E-20 0.428
268.0 1.243E-20 0.419
269.0 9.910E-21 0.410
270.0 9.630E-21 0.401
271.0 1.941E-20 0.392
272.0 1.430E-20 0.383
273.0 8.110E-21 0.374
274.0 6.580E-21 0.365
275.0 2.143E-20 0.356
276.0 2.584E-20 0.347
277.0 1.573E-20 0.338
278.0 1.035E-20 0.329
279.0 2.451E-20 0.320
280.0 2.338E-20 0.300
281.0 1.562E-20 0.270
282.0 9.730E-21 0.270
283.0 7.220E-21 0.250
284.0 4.265E-20 0.260
285.0 4.050E-20 0.310
286.0 2.095E-20 0.320
287.0 1.153E-20 0.300
288.0 3.169E-20 0.290
289.0 3.225E-20 0.290
290.0 1.173E-20 0.280
291.0 1.836E-20 0.270
292.0 7.970E-21 0.270
293.0 3.128E-20 0.260
294.0 7.154E-20 0.300
295.0 4.054E-20 0.210
296.0 2.474E-20 0.240
297.0 1.367E-20 0.280
298.0 4.217E-20 0.330
299.0 3.175E-20 0.350
300.0 9.640E-21 0.300
301.0 1.625E-20 0.300
302.0 8.540E-21 0.270
303.0 3.021E-20 0.286
304.0 7.219E-20 0.250
305.0 4.752E-20 0.290
306.0 4.292E-20 0.358
307.0 1.781E-20 0.320
308.0 1.385E-20 0.300
309.0 3.252E-20 0.290
310.0 1.737E-20 0.300
311.0 4.620E-21 0.320
312.0 1.188E-20 0.331
313.0 9.060E-21 0.270
314.0 5.637E-20 0.319
315.0 5.565E-20 0.220
316.0 2.561E-20 0.250
317.0 5.777E-20 0.347
318.0 3.151E-20 0.340
319.0 9.780E-21 0.431
320.0 1.194E-20 0.400
321.0 1.598E-20 0.350
322.0 7.220E-21 0.420
323.0 3.280E-21 0.525
324.0 8.580E-21 0.510
325.0 1.578E-20 0.540
326.0 6.876E-20 0.494
327.0 4.370E-20 0.500
328.0 1.220E-20 0.600
329.0 3.120E-20 0.671
330.0 3.865E-20 0.620
331.0 1.412E-20 0.430
332.0 3.470E-21 0.450
333.0 2.140E-21 0.480
334.0 1.590E-21 0.510
335.0 9.700E-22 0.560
336.0 1.260E-21 0.620
337.0 3.830E-21 0.610
338.0 1.919E-20 0.580
339.0 5.381E-20 0.580
340.0 3.151E-20 0.640
341.0 9.780E-21 0.610
342.0 5.090E-21 0.580
343.0 1.922E-20 0.550
344.0 1.268E-20 0.510
345.0 4.370E-21 0.500
346.0 1.190E-21 0.470
347.0 4.400E-22 0.440
348.0 7.500E-22 0.420
349.0 3.800E-22 0.380
350.0 3.600E-22 0.360
351.0 8.900E-22 0.330
352.0 7.300E-21 0.300
353.0 2.275E-20 0.280
354.0 1.645E-20 0.250
355.0 6.960E-21 0.120
356.0 1.480E-21 0.100
357.0 3.500E-22 0.070
358.0 1.900E-22 0.040
359.0 1.100E-22 0.010
360.0 9.000E-23 0.000
