HCHOR_13
! HCHO + HV = H. + HCO.
! For 1 Bar, 298 K
! IUPAC (2013) recommendation.  See iupac.pole-ether.fr/datasheets/doc/P1_HCHO+hv.doc
Points (the mechanism evaluated with this format)                                
! With FAC, units are (cm^2/molecule)                                            
FAC=1.0                                                                          
250.0 2.570E-21 0.320
251.0 2.040E-21 0.319
252.0 3.370E-21 0.318
253.0 2.890E-21 0.317
254.0 3.420E-21 0.316
255.0 4.500E-21 0.315
256.0 6.280E-21 0.314
257.0 4.430E-21 0.313
258.0 3.070E-21 0.312
259.0 6.170E-21 0.311
260.0 6.050E-21 0.310
261.0 6.590E-21 0.320
262.0 6.030E-21 0.330
263.0 1.077E-20 0.340
264.0 9.470E-21 0.350
265.0 5.310E-21 0.360
266.0 5.390E-21 0.370
267.0 1.360E-20 0.380
268.0 1.243E-20 0.390
269.0 9.910E-21 0.400
270.0 9.630E-21 0.416
271.0 1.941E-20 0.432
272.0 1.430E-20 0.448
273.0 8.110E-21 0.464
274.0 6.580E-21 0.480
275.0 2.143E-20 0.496
276.0 2.584E-20 0.512
277.0 1.573E-20 0.528
278.0 1.035E-20 0.544
279.0 2.451E-20 0.560
280.0 2.338E-20 0.580
281.0 1.562E-20 0.600
282.0 9.730E-21 0.620
283.0 7.220E-21 0.640
284.0 4.265E-20 0.650
285.0 4.050E-20 0.670
286.0 2.095E-20 0.680
287.0 1.153E-20 0.700
288.0 3.169E-20 0.710
289.0 3.225E-20 0.710
290.0 1.173E-20 0.720
291.0 1.836E-20 0.730
292.0 7.970E-21 0.730
293.0 3.128E-20 0.740
294.0 7.154E-20 0.700
295.0 4.054E-20 0.790
296.0 2.474E-20 0.760
297.0 1.367E-20 0.740
298.0 4.217E-20 0.670
299.0 3.175E-20 0.650
300.0 9.640E-21 0.700
301.0 1.625E-20 0.700
302.0 8.540E-21 0.730
303.0 3.021E-20 0.714
304.0 7.219E-20 0.750
305.0 4.752E-20 0.710
306.0 4.292E-20 0.642
307.0 1.781E-20 0.680
308.0 1.385E-20 0.700
309.0 3.252E-20 0.710
310.0 1.737E-20 0.700
311.0 4.620E-21 0.680
312.0 1.188E-20 0.669
313.0 9.060E-21 0.730
314.0 5.637E-20 0.681
315.0 5.565E-20 0.780
316.0 2.561E-20 0.750
317.0 5.777E-20 0.653
318.0 3.151E-20 0.660
319.0 9.780E-21 0.579
320.0 1.194E-20 0.600
321.0 1.598E-20 0.650
322.0 7.220E-21 0.580
323.0 3.280E-21 0.475
324.0 8.580E-21 0.490
325.0 1.578E-20 0.460
326.0 6.876E-20 0.506
327.0 4.370E-20 0.500
328.0 1.220E-20 0.400
329.0 3.120E-20 0.329
330.0 3.865E-20 0.380
331.0 1.412E-20 0.460
332.0 3.470E-21 0.370
333.0 2.140E-21 0.240
334.0 1.590E-21 0.112
335.0 9.700E-22 0.070
336.0 1.260E-21 0.055
337.0 3.830E-21 0.035
338.0 1.919E-20 0.010
339.0 5.381E-20 0.011
340.0 3.151E-20 0.010
341.0 9.780E-21 0.008
342.0 5.090E-21 0.008
343.0 1.922E-20 0.008
344.0 1.268E-20 0.007
345.0 4.370E-21 0.007
346.0 1.190E-21 0.007
347.0 4.400E-22 0.007
348.0 7.500E-22 0.007
349.0 3.800E-22 0.006
350.0 3.600E-22 0.006
351.0 8.900E-22 0.005
352.0 7.300E-21 0.005
353.0 2.275E-20 0.005
354.0 1.645E-20 0.005
355.0 6.960E-21 0.005
356.0 1.480E-21 0.000