HPALDS
!Action spectrum to use for compounds with structure HCO-C=C-C-OOH
! Absorption cross sections are averages of those given by IUPAC (2002) for
! methacrolein and methyl vinyl ketone.
! Unit quantum yields based on data of
! Wolfe et al, Phys. Chem. Chem. Phys., 2012, 14, 7276-7286.
!
Points (the mechanism evaluated with this format)                                
! With FAC, units are (cm^2/molecule)                                            
FAC=1.0                                                                          
250.0 2.24E-21 1.000
251.0 2.18E-21 1.000
252.0 2.06E-21 1.000
253.0 2.11E-21 1.000
254.0 2.10E-21 1.000
255.0 2.18E-21 1.000
256.0 2.28E-21 1.000
257.0 2.28E-21 1.000
258.0 2.40E-21 1.000
259.0 2.52E-21 1.000
260.0 2.64E-21 1.000
261.0 2.86E-21 1.000
262.0 3.02E-21 1.000
263.0 3.19E-21 1.000
264.0 3.47E-21 1.000
265.0 3.74E-21 1.000
266.0 4.02E-21 1.000
267.0 4.34E-21 1.000
268.0 4.66E-21 1.000
269.0 5.09E-21 1.000
270.0 5.45E-21 1.000
271.0 5.93E-21 1.000
272.0 6.39E-21 1.000
273.0 6.88E-21 1.000
274.0 7.47E-21 1.000
275.0 8.01E-21 1.000
276.0 8.65E-21 1.000
277.0 9.37E-21 1.000
278.0 1.01E-20 1.000
279.0 1.09E-20 1.000
280.0 1.17E-20 1.000
281.0 1.25E-20 1.000
282.0 1.34E-20 1.000
283.0 1.43E-20 1.000
284.0 1.53E-20 1.000
285.0 1.63E-20 1.000
286.0 1.74E-20 1.000
287.0 1.85E-20 1.000
288.0 1.97E-20 1.000
289.0 2.10E-20 1.000
290.0 2.23E-20 1.000
291.0 2.36E-20 1.000
292.0 2.48E-20 1.000
293.0 2.61E-20 1.000
294.0 2.73E-20 1.000
295.0 2.88E-20 1.000
296.0 3.05E-20 1.000
297.0 3.19E-20 1.000
298.0 3.35E-20 1.000
299.0 3.48E-20 1.000
300.0 3.66E-20 1.000
301.0 3.83E-20 1.000
302.0 3.98E-20 1.000
303.0 4.13E-20 1.000
304.0 4.28E-20 1.000
305.0 4.43E-20 1.000
306.0 4.61E-20 1.000
307.0 4.77E-20 1.000
308.0 4.92E-20 1.000
309.0 5.06E-20 1.000
310.0 5.18E-20 1.000
311.0 5.36E-20 1.000
312.0 5.54E-20 1.000
313.0 5.69E-20 1.000
314.0 5.82E-20 1.000
315.0 5.92E-20 1.000
316.0 6.08E-20 1.000
317.0 6.23E-20 1.000
318.0 6.37E-20 1.000
319.0 6.46E-20 1.000
320.0 6.49E-20 1.000
321.0 6.47E-20 1.000
322.0 6.52E-20 1.000
323.0 6.60E-20 1.000
324.0 6.73E-20 1.000
325.0 6.85E-20 1.000
326.0 6.88E-20 1.000
327.0 6.89E-20 1.000
328.0 7.00E-20 1.000
329.0 7.15E-20 1.000
330.0 7.22E-20 1.000
331.0 7.23E-20 1.000
332.0 7.15E-20 1.000
333.0 6.94E-20 1.000
334.0 6.73E-20 1.000
335.0 6.51E-20 1.000
336.0 6.41E-20 1.000
337.0 6.48E-20 1.000
338.0 6.47E-20 1.000
339.0 6.42E-20 1.000
340.0 6.34E-20 1.000
341.0 6.22E-20 1.000
342.0 6.17E-20 1.000
343.0 6.47E-20 1.000
344.0 6.55E-20 1.000
345.0 6.38E-20 1.000
346.0 6.13E-20 1.000
347.0 5.86E-20 1.000
348.0 5.50E-20 1.000
349.0 5.01E-20 1.000
350.0 4.68E-20 1.000
351.0 4.40E-20 1.000
352.0 4.31E-20 1.000
353.0 4.44E-20 1.000
354.0 4.32E-20 1.000
355.0 4.15E-20 1.000
356.0 3.83E-20 1.000
357.0 3.74E-20 1.000
358.0 3.68E-20 1.000
359.0 3.85E-20 1.000
360.0 4.37E-20 1.000
361.0 3.94E-20 1.000
362.0 3.55E-20 1.000
363.0 3.11E-20 1.000
364.0 2.99E-20 1.000
365.0 2.68E-20 1.000
366.0 2.35E-20 1.000
367.0 2.06E-20 1.000
368.0 1.80E-20 1.000
369.0 1.66E-20 1.000
370.0 1.65E-20 1.000
371.0 1.71E-20 1.000
372.0 1.56E-20 1.000
373.0 1.46E-20 1.000
374.0 1.24E-20 1.000
375.0 1.14E-20 1.000
376.0 1.13E-20 1.000
377.0 1.16E-20 1.000
378.0 1.28E-20 1.000
379.0 1.69E-20 1.000
380.0 1.18E-20 1.000
381.0 9.83E-21 1.000
382.0 7.34E-21 1.000
383.0 6.67E-21 1.000
384.0 6.47E-21 1.000
385.0 5.44E-21 1.000
386.0 4.42E-21 1.000
387.0 3.70E-21 1.000
388.0 3.14E-21 1.000
389.0 2.79E-21 1.000
390.0 2.46E-21 1.000
391.0 2.33E-21 1.000
392.0 2.26E-21 1.000
393.0 2.14E-21 1.000
394.0 1.95E-21 1.000
395.0 1.65E-21 1.000