MGLY_13
!CH3COCHO + HV = CH3CO. + HCO.
! IUPAC Subcommittee on Gas Kinetic Data Evaluation – Data Sheet P6
! This datasheet updated: 16th January 2003.
! Website: http://www.iupac-kinetic.ch.cam.ac.uk/.
! Quantum yield calculated from the expression given for 425 torr N2.
! This "pressure" adjustment was made so the calculated photlysis rates, 
! relative to NO2, are consistent with the data of Plum et al (1983) and
! Klotz et al (2000).
!
Points (the mechanism evaluated with this format)                                
! With FAC, units are (cm^2/molecule)                                            
FAC=1.0                                                                          
290.0 4.838E-20 0.971
291.0 4.743E-20 0.969
292.0 4.648E-20 0.967
293.0 4.552E-20 0.965
294.0 4.457E-20 0.963
295.0 4.362E-20 0.961
296.0 4.240E-20 0.958
297.0 4.119E-20 0.955
298.0 3.997E-20 0.953
299.0 3.876E-20 0.950
300.0 3.754E-20 0.947
301.0 3.675E-20 0.943
302.0 3.597E-20 0.940
303.0 3.518E-20 0.936
304.0 3.440E-20 0.933
305.0 3.361E-20 0.929
306.0 3.162E-20 0.925
307.0 2.963E-20 0.920
308.0 2.763E-20 0.916
309.0 2.564E-20 0.911
310.0 2.365E-20 0.906
311.0 2.270E-20 0.901
312.0 2.175E-20 0.896
313.0 2.081E-20 0.890
314.0 1.986E-20 0.885
315.0 1.891E-20 0.879
316.0 1.815E-20 0.873
317.0 1.739E-20 0.866
318.0 1.663E-20 0.860
319.0 1.587E-20 0.853
320.0 1.511E-20 0.846
321.0 1.396E-20 0.838
322.0 1.282E-20 0.831
323.0 1.167E-20 0.823
324.0 1.053E-20 0.815
325.0 9.380E-21 0.807
326.0 8.808E-21 0.798
327.0 8.236E-21 0.790
328.0 7.664E-21 0.781
329.0 7.092E-21 0.772
330.0 6.520E-21 0.763
331.0 6.180E-21 0.753
332.0 5.840E-21 0.744
333.0 5.500E-21 0.734
334.0 5.160E-21 0.724
335.0 4.820E-21 0.713
336.0 4.502E-21 0.703
337.0 4.184E-21 0.693
338.0 3.866E-21 0.682
339.0 3.548E-21 0.671
340.0 3.230E-21 0.660
341.0 3.184E-21 0.649
342.0 3.138E-21 0.638
343.0 3.092E-21 0.627
344.0 3.046E-21 0.616
345.0 3.000E-21 0.605
346.0 3.188E-21 0.593
347.0 3.376E-21 0.582
348.0 3.564E-21 0.570
349.0 3.752E-21 0.559
350.0 3.940E-21 0.548
351.0 4.272E-21 0.536
352.0 4.604E-21 0.525
353.0 4.936E-21 0.513
354.0 5.268E-21 0.502
355.0 5.600E-21 0.491
356.0 5.870E-21 0.480
357.0 6.140E-21 0.469
358.0 6.410E-21 0.458
359.0 6.680E-21 0.447
360.0 6.950E-21 0.436
361.0 7.714E-21 0.426
362.0 8.478E-21 0.415
363.0 9.242E-21 0.405
364.0 1.001E-20 0.394
365.0 1.077E-20 0.384
366.0 1.157E-20 0.374
367.0 1.236E-20 0.365
368.0 1.316E-20 0.355
369.0 1.395E-20 0.346
370.0 1.475E-20 0.336
371.0 1.562E-20 0.327
372.0 1.649E-20 0.318
373.0 1.737E-20 0.309
374.0 1.824E-20 0.301
375.0 1.911E-20 0.292
376.0 2.015E-20 0.284
377.0 2.118E-20 0.276
378.0 2.222E-20 0.268
379.0 2.325E-20 0.261
380.0 2.429E-20 0.253
381.0 2.587E-20 0.246
382.0 2.746E-20 0.239
383.0 2.904E-20 0.232
384.0 3.063E-20 0.225
385.0 3.221E-20 0.217
386.0 3.383E-20 0.208
387.0 3.544E-20 0.201
388.0 3.706E-20 0.193
389.0 3.867E-20 0.186
390.0 4.029E-20 0.179
391.0 4.170E-20 0.173
392.0 4.310E-20 0.167
393.0 4.451E-20 0.161
394.0 4.591E-20 0.155
395.0 4.732E-20 0.149
396.0 4.918E-20 0.144
397.0 5.105E-20 0.139
398.0 5.291E-20 0.134
399.0 5.478E-20 0.129
400.0 5.664E-20 0.125
401.0 5.900E-20 0.121
402.0 6.070E-20 0.116
403.0 6.350E-20 0.112
404.0 6.540E-20 0.109
405.0 6.910E-20 0.105
406.0 7.200E-20 0.101
407.0 7.580E-20 0.098
408.0 7.940E-20 0.095
409.0 8.120E-20 0.092
410.0 8.520E-20 0.088
411.0 8.630E-20 0.086
412.0 9.070E-20 0.083
413.0 9.370E-20 0.080
414.0 9.620E-20 0.077
415.0 9.680E-20 0.075
416.0 9.710E-20 0.073
417.0 1.004E-19 0.070
418.0 1.007E-19 0.068
419.0 1.012E-19 0.066
420.0 1.021E-19 0.064
421.0 1.034E-19 0.062
422.0 1.051E-19 0.060
423.0 1.045E-19 0.058
424.0 1.015E-19 0.056
425.0 1.034E-19 0.054
426.0 1.024E-19 0.053
427.0 9.840E-20 0.051
428.0 1.001E-19 0.050
429.0 9.940E-20 0.048
430.0 1.041E-19 0.047
431.0 1.053E-19 0.045
432.0 9.790E-20 0.044
433.0 1.064E-19 0.043
434.0 1.054E-19 0.041
435.0 1.081E-19 0.040
436.0 1.113E-19 0.039
437.0 9.990E-20 0.038
438.0 1.059E-19 0.037
439.0 1.101E-19 0.036
440.0 9.940E-20 0.035
441.0 1.039E-19 0.034
442.0 1.020E-19 0.033
443.0 1.017E-19 0.032
444.0 1.117E-19 0.031
445.0 9.610E-20 0.030
446.0 8.900E-20 0.029
447.0 9.840E-20 0.028
448.0 9.180E-20 0.027
449.0 1.013E-19 0.027
450.0 8.670E-20 0.026
451.0 6.340E-20 0.025
452.0 6.330E-20 0.025
453.0 6.080E-20 0.024
454.0 4.460E-20 0.023
455.0 3.690E-20 0.023
456.0 3.080E-20 0.022
457.0 2.460E-20 0.021
458.0 1.810E-20 0.021
459.0 1.280E-20 0.020
460.0 9.140E-21 0.020
461.0 7.950E-21 0.019
462.0 6.420E-21 0.019
463.0 4.790E-21 0.018
464.0 3.320E-21 0.018
465.0 2.680E-21 0.017
466.0 2.270E-21 0.017
467.0 1.870E-21 0.016
468.0 1.600E-21 0.016
469.0 1.330E-21 0.016
470.0 1.080E-21 0.015
471.0 9.900E-22 0.015
472.0 8.900E-22 0.014
473.0 7.700E-22 0.014
474.0 6.700E-22 0.014
475.0 6.200E-22 0.013
476.0 0.000E+00 0.013