MVK_16
!MVK (IUPAC, adjusted)
! IUPAC Subcommittee on Gas Kinetic Data Evaluation – Data Sheet P10
! Website: http://www.iupac-kinetic.ch.cam.ac.uk/
! This datasheet updated: 9th August 2002.
! Decline in absorption cross sections with wavelength above 395 nm estimated by linear interpolation.
! Quantum yields for all photodecomposition processes. IUPAC recommends ~60% for propene formation, rest radical forming routes.
! Quantum yields calculated for 1 atm gives reasonalby good fits to results of MVK - NOx chamber experiments
!
Points (the mechanism evaluated with this format)                                
! With FAC, units are (cm^2/molecule)                                            
FAC=1.0                                                                          
250.0 2.410E-21 0.863
251.0 2.410E-21 0.816
252.0 2.240E-21 0.773
253.0 2.410E-21 0.731
254.0 2.410E-21 0.692
255.0 2.580E-21 0.655
256.0 2.750E-21 0.620
257.0 2.750E-21 0.587
258.0 2.930E-21 0.556
259.0 3.100E-21 0.526
260.0 3.270E-21 0.498
261.0 3.610E-21 0.471
262.0 3.790E-21 0.446
263.0 3.960E-21 0.422
264.0 4.300E-21 0.399
265.0 4.650E-21 0.378
266.0 4.990E-21 0.358
267.0 5.340E-21 0.339
268.0 5.680E-21 0.321
269.0 6.200E-21 0.303
270.0 6.540E-21 0.287
271.0 7.060E-21 0.272
272.0 7.570E-21 0.257
273.0 8.090E-21 0.243
274.0 8.780E-21 0.230
275.0 9.290E-21 0.218
276.0 9.980E-21 0.206
277.0 1.080E-20 0.195
278.0 1.150E-20 0.185
279.0 1.240E-20 0.175
280.0 1.330E-20 0.166
281.0 1.410E-20 0.157
282.0 1.500E-20 0.148
283.0 1.600E-20 0.140
284.0 1.700E-20 0.133
285.0 1.810E-20 0.126
286.0 1.910E-20 0.119
287.0 2.030E-20 0.113
288.0 2.150E-20 0.107
289.0 2.290E-20 0.101
290.0 2.430E-20 0.096
291.0 2.550E-20 0.090
292.0 2.670E-20 0.086
293.0 2.810E-20 0.081
294.0 2.930E-20 0.077
295.0 3.080E-20 0.073
296.0 3.240E-20 0.069
297.0 3.390E-20 0.065
298.0 3.560E-20 0.062
299.0 3.700E-20 0.058
300.0 3.870E-20 0.055
301.0 4.040E-20 0.052
302.0 4.200E-20 0.049
303.0 4.350E-20 0.047
304.0 4.510E-20 0.044
305.0 4.660E-20 0.042
306.0 4.820E-20 0.040
307.0 4.960E-20 0.038
308.0 5.130E-20 0.036
309.0 5.300E-20 0.034
310.0 5.440E-20 0.032
311.0 5.580E-20 0.030
312.0 5.730E-20 0.028
313.0 5.870E-20 0.027
314.0 6.020E-20 0.026
315.0 6.140E-20 0.024
316.0 6.280E-20 0.023
317.0 6.420E-20 0.022
318.0 6.540E-20 0.020
319.0 6.630E-20 0.019
320.0 6.700E-20 0.018
321.0 6.760E-20 0.017
322.0 6.830E-20 0.016
323.0 6.850E-20 0.016
324.0 6.880E-20 0.015
325.0 6.950E-20 0.014
326.0 7.020E-20 0.013
327.0 7.090E-20 0.012
328.0 7.160E-20 0.012
329.0 7.230E-20 0.011
330.0 7.280E-20 0.011
331.0 7.300E-20 0.010
332.0 7.260E-20 0.009
333.0 7.180E-20 0.009
334.0 7.040E-20 0.008
335.0 6.940E-20 0.008
336.0 6.850E-20 0.008
337.0 6.700E-20 0.007
338.0 6.560E-20 0.007
339.0 6.470E-20 0.006
340.0 6.440E-20 0.006
341.0 6.420E-20 0.006
342.0 6.350E-20 0.005
343.0 6.350E-20 0.005
344.0 6.300E-20 0.005
345.0 6.230E-20 0.005
346.0 6.140E-20 0.004
347.0 6.080E-20 0.004
348.0 5.770E-20 0.004
349.0 5.470E-20 0.004
350.0 5.200E-20 0.004
351.0 4.940E-20 0.003
352.0 4.720E-20 0.003
353.0 4.530E-20 0.003
354.0 4.320E-20 0.003
355.0 4.150E-20 0.003
356.0 4.030E-20 0.003
357.0 3.940E-20 0.002
358.0 3.890E-20 0.002
359.0 3.890E-20 0.002
360.0 3.680E-20 0.002
361.0 3.600E-20 0.002
362.0 3.490E-20 0.002
363.0 3.360E-20 0.002
364.0 3.290E-20 0.002
365.0 3.030E-20 0.002
366.0 2.770E-20 0.001
367.0 2.500E-20 0.001
368.0 2.200E-20 0.001
369.0 2.010E-20 0.001
370.0 1.880E-20 0.001
371.0 1.740E-20 0.001
372.0 1.580E-20 0.001
373.0 1.480E-20 0.001
374.0 1.390E-20 0.001
375.0 1.310E-20 0.001
376.0 1.260E-20 0.001
377.0 1.240E-20 0.001
378.0 1.200E-20 0.001
379.0 1.200E-20 0.001
380.0 1.050E-20 0.001
381.0 9.810E-21 0.001
382.0 9.120E-21 0.001
383.0 8.780E-21 0.001
384.0 9.290E-21 0.001
385.0 7.570E-21 0.001
386.0 6.370E-21 0.000