!Altitude(km),Latitude(deg) =   0.00,  20.00, 
!Actinic Flux Spectrum, photons/(cm2*sec)
!          Zenith Angle
Beginning
! With FAC, units are (Photons cm-2 s-1)
FAC=1.0
!  WVL(um)       3.21
 186.0505  0.0000E+00
 187.7975  0.0000E+00
 189.5775  0.0000E+00
 191.3920  0.0000E+00
 193.2415  0.0000E+00
 195.1265  2.6177E-30 
 197.0490  5.8293E-13
 199.0100  9.3534E-09
 201.0100  4.2551E-09
 203.0510  8.3020E-08
 205.1340  8.1922E-04
 207.2595  3.5972E-06
 209.4295  2.0710E-05
 211.6460  1.3457E-04
 213.9100  2.3781E-04
 216.2225  2.8901E-04
 218.5855  4.6117E-04
 221.0010  2.0408E-04
 223.4705  5.1950E-05
 225.9960  5.4718E-06
 228.5790  2.4516E-07
 231.2215  3.9427E-09
 233.9260  2.0342E-11
 236.6945  9.5795E-14
 239.5295  1.8347E-15
 242.4330  2.0996E-17
 245.4080  2.1434E-20
 248.4570  6.8096E-23
 251.5825  2.6803E-24
 254.7875  8.1825E-25
 258.0750  1.0631E-23
 261.4490  7.9101E-22
 264.9125  3.8566E-18
 268.4685  7.4021E-14 
 272.1215  3.1559E-09
 275.8755  2.4878E-04
 279.7340  7.8678E+00
 283.7020  1.7254E+05
 287.7845  3.3033E+08
 291.9865  1.0255E+11
 296.3090  3.4505E+12
 300.5000  2.1121E+13
 303.0000  1.4546E+13
 304.0000  1.7666E+13
 305.0000  2.4501E+13
 306.0000  2.5467E+13
 307.0000  3.2906E+13
 308.0000  4.2326E+13
 309.0000  4.5047E+13
 310.0000  4.0510E+13
 311.0000  7.2406E+13
 312.0000  6.6874E+13
 313.0000  7.3594E+13
 314.0000  8.2505E+13
 316.0000  2.4899E+14
 320.0000  5.4751E+14
 325.0000  7.1475E+14
 330.0000  8.8160E+14
 335.0000  8.7234E+14
 340.0000  9.4915E+14
 345.0000  9.3496E+14
 350.0000  9.8476E+14
 355.0000  1.0650E+15
 360.0000  9.7772E+14
 365.0000  1.2181E+15
 370.0000  1.2927E+15
 375.0000  1.1538E+15
 380.0000  1.3350E+15
 385.0000  1.0525E+15
 390.0000  1.3522E+15
 395.0000  1.0894E+15
 400.0000  2.0463E+15
 405.0000  2.0607E+15
 410.0000  2.2325E+15
 415.0000  2.2707E+15
 420.0000  2.3693E+15
 425.0000  2.1999E+15
 430.0000  2.0305E+15
 435.0000  2.4079E+15
 440.0000  2.4561E+15
 445.0000  2.6503E+15
 450.0000  2.9694E+15
 455.0000  2.9056E+15
 460.0000  3.0024E+15
 465.0000  2.9893E+15
 470.0000  3.0002E+15
 475.0000  3.0605E+15
 480.0000  3.1404E+15
 485.0000  2.8755E+15
 490.0000  2.9868E+15
 495.0000  3.0958E+15
 500.0000  3.0889E+15
 505.0000  3.1550E+15
 510.0000  3.1924E+15
 515.0000  2.9711E+15
 520.0000  3.0552E+15
 525.0000  3.0831E+15
 530.0000  3.2348E+15
 535.0000  3.1774E+15
 540.0000  3.1483E+15
 545.0000  3.2164E+15
 550.0000  3.2371E+15
 555.0000  3.2427E+15
 560.0000  3.1798E+15
 565.0000  3.2566E+15
 570.0000  3.2602E+15
 575.0000  3.3683E+15
 580.0000  3.3709E+15
 585.0000  3.4117E+15
 590.0000  3.3085E+15
 595.0000  3.3873E+15
 600.0000  3.3534E+15
 605.0000  3.4151E+15
 610.0000  3.3973E+15
 615.0000  3.3166E+15
 620.0000  3.4512E+15
 625.0000  3.3530E+15
 630.0000  3.3710E+15
 635.0000  3.3768E+15
 640.0000  3.4767E+15
 644.8000  3.1670E+15
 651.0500  5.3004E+15
 660.0000  6.9525E+15
 670.0000  7.1173E+15
 680.0000  7.1149E+15
 690.0000  6.9719E+15
 700.0000  7.0272E+15
 710.0000  6.8508E+15
 720.0000  6.7416E+15
 730.0000  6.7154E+15
